P,1,5,2817,3849.58
P,8,6,2301,130.47
P,3,6,2231,4355.96
P,1,4,59,3406.95
P,1,1,1243,3070.5
P,1,1,587,1128.59
P,1,4,246,4490.66
P,1,4,1135,2760.04
P,1,5,2811,4276.09
P,1,1,2236,2802.67
P,6,1,1143,3150.04
P,1,2,1200,727.91
P,4,7,767,2069.28
P,1,1,203,2814.05
P,1,3,1155,3483.2
P,1,5,57,2816.92
P,7,9,731,148.45
D,1,10
N,2289,1,3,7
2079,1,3
6215,1,2
38039,1,9
40321,1,6
40615,1,5
47586,1,9
84174,1,1
N,75,1,3,10
4163,1,3
6182,1,4
6215,1,3
15587,1,10
72903,1,1
78205,1,1
81380,1,3
85050,1,6
85671,1,4
98023,1,4
N,263,1,1,6
6177,1,4
24286,1,2
40161,1,6
48727,1,4
71319,1,1
89445,1,9
N,2179,1,5,8
5172,1,2
14054,1,1
19271,1,5
32423,1,6
55015,1,6
75431,5,7
81383,1,10
82663,1,2
I,1,4,35
N,235,1,3,18
24774,1,6
70229,1,3
13852,1,4
36061,1,7
85668,1,9
63107,1,2
22342,1,7
11985,1,4
23767,1,6
30391,1,3
32471,1,6
40135,1,2
54373,1,9
61031,1,7
81607,1,10
81634,1,10
83045,1,4
89318,1,1
N,2007,1,5,5
20167,1,6
32231,1,9
69155,1,6
89823,1,8
98023,1,9
P,1,5,135,3483.47
P,1,5,151,3338.73
S,1,2,11,40
T
